-198.75 -2.0 0.0 flow_0_0 0 5.0 2.0,;road_1 i,
-195.0 -2.0 0.0 flow_0_0 0 5.0 2.0,;road_1 i,
-188.75 -2.0 0.0 flow_0_0 0 5.0 2.0,;road_1 i,
-180.0 -2.0 0.0 flow_0_0 0 5.0 2.0,-198.75 -2.0 0.0 flow_0_1 0 5.0 2.0,;road_1 i,
-168.75 -2.0 0.0 flow_0_0 0 5.0 2.0,-195.0 -2.0 0.0 flow_0_1 0 5.0 2.0,;road_1 i,
-155.0 -2.0 0.0 flow_0_0 0 5.0 2.0,-188.75 -2.0 0.0 flow_0_1 0 5.0 2.0,;road_1 i,
-198.75 -2.0 0.0 flow_0_2 0 5.0 2.0,-140.0 -2.0 0.0 flow_0_0 0 5.0 2.0,-180.0 -2.0 0.0 flow_0_1 0 5.0 2.0,;road_1 i,
-195.0 -2.0 0.0 flow_0_2 0 5.0 2.0,-125.0 -2.0 0.0 flow_0_0 0 5.0 2.0,-168.75 -2.0 0.0 flow_0_1 0 5.0 2.0,;road_1 i,
-188.75 -2.0 0.0 flow_0_2 0 5.0 2.0,-110.0 -2.0 0.0 flow_0_0 0 5.0 2.0,-155.0 -2.0 0.0 flow_0_1 0 5.0 2.0,;road_1 i,
-180.0 -2.0 0.0 flow_0_2 0 5.0 2.0,-94.99999999999999 -2.0 0.0 flow_0_0 0 5.0 2.0,-198.75 -2.0 0.0 flow_0_3 0 5.0 2.0,-140.0 -2.0 0.0 flow_0_1 0 5.0 2.0,;road_1 i,
-168.75 -2.0 0.0 flow_0_2 0 5.0 2.0,-80.0 -2.0 0.0 flow_0_0 0 5.0 2.0,-195.0 -2.0 0.0 flow_0_3 0 5.0 2.0,-125.0 -2.0 0.0 flow_0_1 0 5.0 2.0,;road_1 i,
-155.0 -2.0 0.0 flow_0_2 0 5.0 2.0,-65.0 -2.0 0.0 flow_0_0 0 5.0 2.0,-188.75 -2.0 0.0 flow_0_3 0 5.0 2.0,-110.0 -2.0 0.0 flow_0_1 0 5.0 2.0,;road_1 i,
-140.0 -2.0 0.0 flow_0_2 0 5.0 2.0,-50.0 -2.0 0.0 flow_0_0 0 5.0 2.0,-180.0 -2.0 0.0 flow_0_3 0 5.0 2.0,-94.99999999999999 -2.0 0.0 flow_0_1 0 5.0 2.0,-198.75 -2.0 0.0 flow_0_4 0 5.0 2.0,;road_1 i,
-125.0 -2.0 0.0 flow_0_2 0 5.0 2.0,-35.0 -2.0 0.0 flow_0_0 0 5.0 2.0,-168.75 -2.0 0.0 flow_0_3 0 5.0 2.0,-80.0 -2.0 0.0 flow_0_1 0 5.0 2.0,-195.0 -2.0 0.0 flow_0_4 0 5.0 2.0,;road_1 i,
-110.0 -2.0 0.0 flow_0_2 0 5.0 2.0,-20.0 -2.0 0.0 flow_0_0 0 5.0 2.0,-155.0 -2.0 0.0 flow_0_3 0 5.0 2.0,-65.0 -2.0 0.0 flow_0_1 0 5.0 2.0,-188.75 -2.0 0.0 flow_0_4 0 5.0 2.0,;road_1 i,
-94.99999999999999 -2.0 0.0 flow_0_2 0 5.0 2.0,-5.097096621545399 -0.9805806756909202 -0.19739555984988076 flow_0_0 0 5.0 2.0,-140.0 -2.0 0.0 flow_0_3 0 5.0 2.0,-50.0 -2.0 0.0 flow_0_1 0 5.0 2.0,-198.75 -2.0 0.0 flow_0_5 0 5.0 2.0,-180.0 -2.0 0.0 flow_0_4 0 5.0 2.0,;road_1 i,
-80.0 -2.0 0.0 flow_0_2 0 5.0 2.0,9.611613513818405 -3.922322702763681 -0.19739555984988076 flow_0_0 0 5.0 2.0,-125.0 -2.0 0.0 flow_0_3 0 5.0 2.0,-35.0 -2.0 0.0 flow_0_1 0 5.0 2.0,-195.0 -2.0 0.0 flow_0_5 0 5.0 2.0,-168.75 -2.0 0.0 flow_0_4 0 5.0 2.0,;road_1 i,
-65.0 -2.0 0.0 flow_0_2 0 5.0 2.0,24.603921945628863 -6.0 0.0 flow_0_0 0 5.0 2.0,-110.0 -2.0 0.0 flow_0_3 0 5.0 2.0,-20.0 -2.0 0.0 flow_0_1 0 5.0 2.0,-188.75 -2.0 0.0 flow_0_5 0 5.0 2.0,-155.0 -2.0 0.0 flow_0_4 0 5.0 2.0,;road_1 i,
-50.0 -2.0 0.0 flow_0_2 0 5.0 2.0,39.60392194562886 -6.0 0.0 flow_0_0 0 5.0 2.0,-94.99999999999999 -2.0 0.0 flow_0_3 0 5.0 2.0,-5.097096621545399 -0.9805806756909202 -0.19739555984988076 flow_0_1 0 5.0 2.0,-180.0 -2.0 0.0 flow_0_5 0 5.0 2.0,-198.75 -2.0 0.0 flow_0_6 0 5.0 2.0,-140.0 -2.0 0.0 flow_0_4 0 5.0 2.0,;road_1 i,
-35.0 -2.0 0.0 flow_0_2 0 5.0 2.0,54.60392194562886 -6.0 0.0 flow_0_0 0 5.0 2.0,-80.0 -2.0 0.0 flow_0_3 0 5.0 2.0,9.611613513818405 -3.922322702763681 -0.19739555984988076 flow_0_1 0 5.0 2.0,-168.75 -2.0 0.0 flow_0_5 0 5.0 2.0,-195.0 -2.0 0.0 flow_0_6 0 5.0 2.0,-125.0 -2.0 0.0 flow_0_4 0 5.0 2.0,;road_1 i,
-20.0 -2.0 0.0 flow_0_2 0 5.0 2.0,69.60392194562886 -6.0 0.0 flow_0_0 0 5.0 2.0,-65.0 -2.0 0.0 flow_0_3 0 5.0 2.0,24.603921945628863 -6.0 0.0 flow_0_1 0 5.0 2.0,-155.0 -2.0 0.0 flow_0_5 0 5.0 2.0,-188.75 -2.0 0.0 flow_0_6 0 5.0 2.0,-110.0 -2.0 0.0 flow_0_4 0 5.0 2.0,;road_1 i,
-5.097096621545399 -0.9805806756909202 -0.19739555984988076 flow_0_2 0 5.0 2.0,84.60392194562886 -6.0 0.0 flow_0_0 0 5.0 2.0,-50.0 -2.0 0.0 flow_0_3 0 5.0 2.0,-198.75 -2.0 0.0 flow_0_7 0 5.0 2.0,39.60392194562886 -6.0 0.0 flow_0_1 0 5.0 2.0,-140.0 -2.0 0.0 flow_0_5 0 5.0 2.0,-180.0 -2.0 0.0 flow_0_6 0 5.0 2.0,-94.99999999999999 -2.0 0.0 flow_0_4 0 5.0 2.0,;road_1 i,
9.611613513818405 -3.922322702763681 -0.19739555984988076 flow_0_2 0 5.0 2.0,99.60392194562886 -6.0 0.0 flow_0_0 0 5.0 2.0,-35.0 -2.0 0.0 flow_0_3 0 5.0 2.0,-195.0 -2.0 0.0 flow_0_7 0 5.0 2.0,54.60392194562886 -6.0 0.0 flow_0_1 0 5.0 2.0,-125.0 -2.0 0.0 flow_0_5 0 5.0 2.0,-168.75 -2.0 0.0 flow_0_6 0 5.0 2.0,-80.0 -2.0 0.0 flow_0_4 0 5.0 2.0,;road_1 i,
24.603921945628863 -6.0 0.0 flow_0_2 0 5.0 2.0,114.60392194562887 -6.0 0.0 flow_0_0 0 5.0 2.0,-20.0 -2.0 0.0 flow_0_3 0 5.0 2.0,-188.75 -2.0 0.0 flow_0_7 0 5.0 2.0,69.60392194562886 -6.0 0.0 flow_0_1 0 5.0 2.0,-110.0 -2.0 0.0 flow_0_5 0 5.0 2.0,-155.0 -2.0 0.0 flow_0_6 0 5.0 2.0,-65.0 -2.0 0.0 flow_0_4 0 5.0 2.0,;road_1 i,
39.60392194562886 -6.0 0.0 flow_0_2 0 5.0 2.0,129.60392194562886 -6.0 0.0 flow_0_0 0 5.0 2.0,-198.75 -2.0 0.0 flow_0_8 0 5.0 2.0,-5.097096621545399 -0.9805806756909202 -0.19739555984988076 flow_0_3 0 5.0 2.0,-180.0 -2.0 0.0 flow_0_7 0 5.0 2.0,84.60392194562886 -6.0 0.0 flow_0_1 0 5.0 2.0,-94.99999999999999 -2.0 0.0 flow_0_5 0 5.0 2.0,-140.0 -2.0 0.0 flow_0_6 0 5.0 2.0,-50.0 -2.0 0.0 flow_0_4 0 5.0 2.0,;road_1 i,
54.60392194562886 -6.0 0.0 flow_0_2 0 5.0 2.0,144.60392194562886 -6.0 0.0 flow_0_0 0 5.0 2.0,-195.0 -2.0 0.0 flow_0_8 0 5.0 2.0,9.611613513818405 -3.922322702763681 -0.19739555984988076 flow_0_3 0 5.0 2.0,-168.75 -2.0 0.0 flow_0_7 0 5.0 2.0,99.60392194562886 -6.0 0.0 flow_0_1 0 5.0 2.0,-80.0 -2.0 0.0 flow_0_5 0 5.0 2.0,-125.0 -2.0 0.0 flow_0_6 0 5.0 2.0,-35.0 -2.0 0.0 flow_0_4 0 5.0 2.0,;road_1 i,
69.60392194562886 -6.0 0.0 flow_0_2 0 5.0 2.0,159.60392194562886 -6.0 0.0 flow_0_0 0 5.0 2.0,-188.75 -2.0 0.0 flow_0_8 0 5.0 2.0,24.603921945628863 -6.0 0.0 flow_0_3 0 5.0 2.0,-155.0 -2.0 0.0 flow_0_7 0 5.0 2.0,114.60392194562887 -6.0 0.0 flow_0_1 0 5.0 2.0,-65.0 -2.0 0.0 flow_0_5 0 5.0 2.0,-110.0 -2.0 0.0 flow_0_6 0 5.0 2.0,-20.0 -2.0 0.0 flow_0_4 0 5.0 2.0,;road_1 i,
84.60392194562886 -6.0 0.0 flow_0_2 0 5.0 2.0,174.60392194562886 -6.0 0.0 flow_0_0 0 5.0 2.0,-180.0 -2.0 0.0 flow_0_8 0 5.0 2.0,39.60392194562886 -6.0 0.0 flow_0_3 0 5.0 2.0,-140.0 -2.0 0.0 flow_0_7 0 5.0 2.0,-198.75 -2.0 0.0 flow_0_9 0 5.0 2.0,129.60392194562886 -6.0 0.0 flow_0_1 0 5.0 2.0,-50.0 -2.0 0.0 flow_0_5 0 5.0 2.0,-94.99999999999999 -2.0 0.0 flow_0_6 0 5.0 2.0,-5.097096621545399 -0.9805806756909202 -0.19739555984988076 flow_0_4 0 5.0 2.0,;road_1 i,
99.60392194562886 -6.0 0.0 flow_0_2 0 5.0 2.0,189.60392194562886 -6.0 0.0 flow_0_0 0 5.0 2.0,-168.75 -2.0 0.0 flow_0_8 0 5.0 2.0,54.60392194562886 -6.0 0.0 flow_0_3 0 5.0 2.0,-125.0 -2.0 0.0 flow_0_7 0 5.0 2.0,-195.0 -2.0 0.0 flow_0_9 0 5.0 2.0,144.60392194562886 -6.0 0.0 flow_0_1 0 5.0 2.0,-35.0 -2.0 0.0 flow_0_5 0 5.0 2.0,-80.0 -2.0 0.0 flow_0_6 0 5.0 2.0,9.611613513818405 -3.922322702763681 -0.19739555984988076 flow_0_4 0 5.0 2.0,;road_1 i,
114.60392194562887 -6.0 0.0 flow_0_2 0 5.0 2.0,-155.0 -2.0 0.0 flow_0_8 0 5.0 2.0,69.60392194562886 -6.0 0.0 flow_0_3 0 5.0 2.0,-110.0 -2.0 0.0 flow_0_7 0 5.0 2.0,-188.75 -2.0 0.0 flow_0_9 0 5.0 2.0,159.60392194562886 -6.0 0.0 flow_0_1 0 5.0 2.0,-20.0 -2.0 0.0 flow_0_5 0 5.0 2.0,-65.0 -2.0 0.0 flow_0_6 0 5.0 2.0,24.603921945628863 -6.0 0.0 flow_0_4 0 5.0 2.0,;road_1 i,
129.60392194562886 -6.0 0.0 flow_0_2 0 5.0 2.0,-140.0 -2.0 0.0 flow_0_8 0 5.0 2.0,84.60392194562886 -6.0 0.0 flow_0_3 0 5.0 2.0,-94.99999999999999 -2.0 0.0 flow_0_7 0 5.0 2.0,-180.0 -2.0 0.0 flow_0_9 0 5.0 2.0,174.60392194562886 -6.0 0.0 flow_0_1 0 5.0 2.0,-5.097096621545399 -0.9805806756909202 -0.19739555984988076 flow_0_5 0 5.0 2.0,-198.75 -2.0 0.0 flow_0_10 0 5.0 2.0,-50.0 -2.0 0.0 flow_0_6 0 5.0 2.0,39.60392194562886 -6.0 0.0 flow_0_4 0 5.0 2.0,;road_1 i,
144.60392194562886 -6.0 0.0 flow_0_2 0 5.0 2.0,-125.0 -2.0 0.0 flow_0_8 0 5.0 2.0,99.60392194562886 -6.0 0.0 flow_0_3 0 5.0 2.0,-80.0 -2.0 0.0 flow_0_7 0 5.0 2.0,-168.75 -2.0 0.0 flow_0_9 0 5.0 2.0,189.60392194562886 -6.0 0.0 flow_0_1 0 5.0 2.0,9.611613513818405 -3.922322702763681 -0.19739555984988076 flow_0_5 0 5.0 2.0,-195.0 -2.0 0.0 flow_0_10 0 5.0 2.0,-35.0 -2.0 0.0 flow_0_6 0 5.0 2.0,54.60392194562886 -6.0 0.0 flow_0_4 0 5.0 2.0,;road_1 i,
159.60392194562886 -6.0 0.0 flow_0_2 0 5.0 2.0,-110.0 -2.0 0.0 flow_0_8 0 5.0 2.0,114.60392194562887 -6.0 0.0 flow_0_3 0 5.0 2.0,-65.0 -2.0 0.0 flow_0_7 0 5.0 2.0,-155.0 -2.0 0.0 flow_0_9 0 5.0 2.0,24.603921945628863 -6.0 0.0 flow_0_5 0 5.0 2.0,-188.75 -2.0 0.0 flow_0_10 0 5.0 2.0,-20.0 -2.0 0.0 flow_0_6 0 5.0 2.0,69.60392194562886 -6.0 0.0 flow_0_4 0 5.0 2.0,;road_1 i,
174.60392194562886 -6.0 0.0 flow_0_2 0 5.0 2.0,-94.99999999999999 -2.0 0.0 flow_0_8 0 5.0 2.0,129.60392194562886 -6.0 0.0 flow_0_3 0 5.0 2.0,-50.0 -2.0 0.0 flow_0_7 0 5.0 2.0,-140.0 -2.0 0.0 flow_0_9 0 5.0 2.0,39.60392194562886 -6.0 0.0 flow_0_5 0 5.0 2.0,-180.0 -2.0 0.0 flow_0_10 0 5.0 2.0,-198.75 -2.0 0.0 flow_0_11 0 5.0 2.0,-5.097096621545399 -0.9805806756909202 -0.19739555984988076 flow_0_6 0 5.0 2.0,84.60392194562886 -6.0 0.0 flow_0_4 0 5.0 2.0,;road_1 i,
189.60392194562886 -6.0 0.0 flow_0_2 0 5.0 2.0,-80.0 -2.0 0.0 flow_0_8 0 5.0 2.0,144.60392194562886 -6.0 0.0 flow_0_3 0 5.0 2.0,-35.0 -2.0 0.0 flow_0_7 0 5.0 2.0,-125.0 -2.0 0.0 flow_0_9 0 5.0 2.0,54.60392194562886 -6.0 0.0 flow_0_5 0 5.0 2.0,-168.75 -2.0 0.0 flow_0_10 0 5.0 2.0,-195.0 -2.0 0.0 flow_0_11 0 5.0 2.0,9.611613513818405 -3.922322702763681 -0.19739555984988076 flow_0_6 0 5.0 2.0,99.60392194562886 -6.0 0.0 flow_0_4 0 5.0 2.0,;road_1 i,
-65.0 -2.0 0.0 flow_0_8 0 5.0 2.0,159.60392194562886 -6.0 0.0 flow_0_3 0 5.0 2.0,-20.0 -2.0 0.0 flow_0_7 0 5.0 2.0,-110.0 -2.0 0.0 flow_0_9 0 5.0 2.0,69.60392194562886 -6.0 0.0 flow_0_5 0 5.0 2.0,-155.0 -2.0 0.0 flow_0_10 0 5.0 2.0,-188.75 -2.0 0.0 flow_0_11 0 5.0 2.0,24.603921945628863 -6.0 0.0 flow_0_6 0 5.0 2.0,114.60392194562887 -6.0 0.0 flow_0_4 0 5.0 2.0,;road_1 i,
-50.0 -2.0 0.0 flow_0_8 0 5.0 2.0,174.60392194562886 -6.0 0.0 flow_0_3 0 5.0 2.0,-198.75 -2.0 0.0 flow_0_12 0 5.0 2.0,-5.097096621545399 -0.9805806756909202 -0.19739555984988076 flow_0_7 0 5.0 2.0,-94.99999999999999 -2.0 0.0 flow_0_9 0 5.0 2.0,84.60392194562886 -6.0 0.0 flow_0_5 0 5.0 2.0,-140.0 -2.0 0.0 flow_0_10 0 5.0 2.0,-180.0 -2.0 0.0 flow_0_11 0 5.0 2.0,39.60392194562886 -6.0 0.0 flow_0_6 0 5.0 2.0,129.60392194562886 -6.0 0.0 flow_0_4 0 5.0 2.0,;road_1 i,
-35.0 -2.0 0.0 flow_0_8 0 5.0 2.0,189.60392194562886 -6.0 0.0 flow_0_3 0 5.0 2.0,-195.0 -2.0 0.0 flow_0_12 0 5.0 2.0,9.611613513818405 -3.922322702763681 -0.19739555984988076 flow_0_7 0 5.0 2.0,-80.0 -2.0 0.0 flow_0_9 0 5.0 2.0,99.60392194562886 -6.0 0.0 flow_0_5 0 5.0 2.0,-125.0 -2.0 0.0 flow_0_10 0 5.0 2.0,-168.75 -2.0 0.0 flow_0_11 0 5.0 2.0,54.60392194562886 -6.0 0.0 flow_0_6 0 5.0 2.0,144.60392194562886 -6.0 0.0 flow_0_4 0 5.0 2.0,;road_1 i,
-20.0 -2.0 0.0 flow_0_8 0 5.0 2.0,-188.75 -2.0 0.0 flow_0_12 0 5.0 2.0,24.603921945628863 -6.0 0.0 flow_0_7 0 5.0 2.0,-65.0 -2.0 0.0 flow_0_9 0 5.0 2.0,114.60392194562887 -6.0 0.0 flow_0_5 0 5.0 2.0,-110.0 -2.0 0.0 flow_0_10 0 5.0 2.0,-155.0 -2.0 0.0 flow_0_11 0 5.0 2.0,69.60392194562886 -6.0 0.0 flow_0_6 0 5.0 2.0,159.60392194562886 -6.0 0.0 flow_0_4 0 5.0 2.0,;road_1 i,
-5.097096621545399 -0.9805806756909202 -0.19739555984988076 flow_0_8 0 5.0 2.0,-180.0 -2.0 0.0 flow_0_12 0 5.0 2.0,39.60392194562886 -6.0 0.0 flow_0_7 0 5.0 2.0,-50.0 -2.0 0.0 flow_0_9 0 5.0 2.0,-198.75 -2.0 0.0 flow_0_13 0 5.0 2.0,129.60392194562886 -6.0 0.0 flow_0_5 0 5.0 2.0,-94.99999999999999 -2.0 0.0 flow_0_10 0 5.0 2.0,-140.0 -2.0 0.0 flow_0_11 0 5.0 2.0,84.60392194562886 -6.0 0.0 flow_0_6 0 5.0 2.0,174.60392194562886 -6.0 0.0 flow_0_4 0 5.0 2.0,;road_1 i,
9.611613513818405 -3.922322702763681 -0.19739555984988076 flow_0_8 0 5.0 2.0,-168.75 -2.0 0.0 flow_0_12 0 5.0 2.0,54.60392194562886 -6.0 0.0 flow_0_7 0 5.0 2.0,-35.0 -2.0 0.0 flow_0_9 0 5.0 2.0,-195.0 -2.0 0.0 flow_0_13 0 5.0 2.0,144.60392194562886 -6.0 0.0 flow_0_5 0 5.0 2.0,-80.0 -2.0 0.0 flow_0_10 0 5.0 2.0,-125.0 -2.0 0.0 flow_0_11 0 5.0 2.0,99.60392194562886 -6.0 0.0 flow_0_6 0 5.0 2.0,189.60392194562886 -6.0 0.0 flow_0_4 0 5.0 2.0,;road_1 i,
24.603921945628863 -6.0 0.0 flow_0_8 0 5.0 2.0,-155.0 -2.0 0.0 flow_0_12 0 5.0 2.0,69.60392194562886 -6.0 0.0 flow_0_7 0 5.0 2.0,-20.0 -2.0 0.0 flow_0_9 0 5.0 2.0,-188.75 -2.0 0.0 flow_0_13 0 5.0 2.0,159.60392194562886 -6.0 0.0 flow_0_5 0 5.0 2.0,-65.0 -2.0 0.0 flow_0_10 0 5.0 2.0,-110.0 -2.0 0.0 flow_0_11 0 5.0 2.0,114.60392194562887 -6.0 0.0 flow_0_6 0 5.0 2.0,;road_1 i,
39.60392194562886 -6.0 0.0 flow_0_8 0 5.0 2.0,-140.0 -2.0 0.0 flow_0_12 0 5.0 2.0,-198.75 -2.0 0.0 flow_0_14 0 5.0 2.0,84.60392194562886 -6.0 0.0 flow_0_7 0 5.0 2.0,-5.097096621545399 -0.9805806756909202 -0.19739555984988076 flow_0_9 0 5.0 2.0,-180.0 -2.0 0.0 flow_0_13 0 5.0 2.0,174.60392194562886 -6.0 0.0 flow_0_5 0 5.0 2.0,-50.0 -2.0 0.0 flow_0_10 0 5.0 2.0,-94.99999999999999 -2.0 0.0 flow_0_11 0 5.0 2.0,129.60392194562886 -6.0 0.0 flow_0_6 0 5.0 2.0,;road_1 i,
54.60392194562886 -6.0 0.0 flow_0_8 0 5.0 2.0,-125.0 -2.0 0.0 flow_0_12 0 5.0 2.0,-195.0 -2.0 0.0 flow_0_14 0 5.0 2.0,99.60392194562886 -6.0 0.0 flow_0_7 0 5.0 2.0,9.611613513818405 -3.922322702763681 -0.19739555984988076 flow_0_9 0 5.0 2.0,-168.75 -2.0 0.0 flow_0_13 0 5.0 2.0,189.60392194562886 -6.0 0.0 flow_0_5 0 5.0 2.0,-35.0 -2.0 0.0 flow_0_10 0 5.0 2.0,-80.0 -2.0 0.0 flow_0_11 0 5.0 2.0,144.60392194562886 -6.0 0.0 flow_0_6 0 5.0 2.0,;road_1 i,
69.60392194562886 -6.0 0.0 flow_0_8 0 5.0 2.0,-110.0 -2.0 0.0 flow_0_12 0 5.0 2.0,-188.75 -2.0 0.0 flow_0_14 0 5.0 2.0,114.60392194562887 -6.0 0.0 flow_0_7 0 5.0 2.0,24.603921945628863 -6.0 0.0 flow_0_9 0 5.0 2.0,-155.0 -2.0 0.0 flow_0_13 0 5.0 2.0,-20.0 -2.0 0.0 flow_0_10 0 5.0 2.0,-65.0 -2.0 0.0 flow_0_11 0 5.0 2.0,159.60392194562886 -6.0 0.0 flow_0_6 0 5.0 2.0,;road_1 i,
-198.75 -2.0 0.0 flow_0_15 0 5.0 2.0,84.60392194562886 -6.0 0.0 flow_0_8 0 5.0 2.0,-94.99999999999999 -2.0 0.0 flow_0_12 0 5.0 2.0,-180.0 -2.0 0.0 flow_0_14 0 5.0 2.0,129.60392194562886 -6.0 0.0 flow_0_7 0 5.0 2.0,39.60392194562886 -6.0 0.0 flow_0_9 0 5.0 2.0,-140.0 -2.0 0.0 flow_0_13 0 5.0 2.0,-5.097096621545399 -0.9805806756909202 -0.19739555984988076 flow_0_10 0 5.0 2.0,-50.0 -2.0 0.0 flow_0_11 0 5.0 2.0,174.60392194562886 -6.0 0.0 flow_0_6 0 5.0 2.0,;road_1 i,
-195.0 -2.0 0.0 flow_0_15 0 5.0 2.0,99.60392194562886 -6.0 0.0 flow_0_8 0 5.0 2.0,-80.0 -2.0 0.0 flow_0_12 0 5.0 2.0,-168.75 -2.0 0.0 flow_0_14 0 5.0 2.0,144.60392194562886 -6.0 0.0 flow_0_7 0 5.0 2.0,54.60392194562886 -6.0 0.0 flow_0_9 0 5.0 2.0,-125.0 -2.0 0.0 flow_0_13 0 5.0 2.0,9.611613513818405 -3.922322702763681 -0.19739555984988076 flow_0_10 0 5.0 2.0,-35.0 -2.0 0.0 flow_0_11 0 5.0 2.0,189.60392194562886 -6.0 0.0 flow_0_6 0 5.0 2.0,;road_1 i,
-188.75 -2.0 0.0 flow_0_15 0 5.0 2.0,114.60392194562887 -6.0 0.0 flow_0_8 0 5.0 2.0,-65.0 -2.0 0.0 flow_0_12 0 5.0 2.0,-155.0 -2.0 0.0 flow_0_14 0 5.0 2.0,159.60392194562886 -6.0 0.0 flow_0_7 0 5.0 2.0,69.60392194562886 -6.0 0.0 flow_0_9 0 5.0 2.0,-110.0 -2.0 0.0 flow_0_13 0 5.0 2.0,24.603921945628863 -6.0 0.0 flow_0_10 0 5.0 2.0,-20.0 -2.0 0.0 flow_0_11 0 5.0 2.0,;road_1 i,
-180.0 -2.0 0.0 flow_0_15 0 5.0 2.0,129.60392194562886 -6.0 0.0 flow_0_8 0 5.0 2.0,-50.0 -2.0 0.0 flow_0_12 0 5.0 2.0,-140.0 -2.0 0.0 flow_0_14 0 5.0 2.0,174.60392194562886 -6.0 0.0 flow_0_7 0 5.0 2.0,84.60392194562886 -6.0 0.0 flow_0_9 0 5.0 2.0,-94.99999999999999 -2.0 0.0 flow_0_13 0 5.0 2.0,39.60392194562886 -6.0 0.0 flow_0_10 0 5.0 2.0,-198.75 -2.0 0.0 flow_0_16 0 5.0 2.0,-5.097096621545399 -0.9805806756909202 -0.19739555984988076 flow_0_11 0 5.0 2.0,;road_1 i,
-168.75 -2.0 0.0 flow_0_15 0 5.0 2.0,144.60392194562886 -6.0 0.0 flow_0_8 0 5.0 2.0,-35.0 -2.0 0.0 flow_0_12 0 5.0 2.0,-125.0 -2.0 0.0 flow_0_14 0 5.0 2.0,189.60392194562886 -6.0 0.0 flow_0_7 0 5.0 2.0,99.60392194562886 -6.0 0.0 flow_0_9 0 5.0 2.0,-80.0 -2.0 0.0 flow_0_13 0 5.0 2.0,54.60392194562886 -6.0 0.0 flow_0_10 0 5.0 2.0,-195.0 -2.0 0.0 flow_0_16 0 5.0 2.0,9.611613513818405 -3.922322702763681 -0.19739555984988076 flow_0_11 0 5.0 2.0,;road_1 i,
-155.0 -2.0 0.0 flow_0_15 0 5.0 2.0,159.60392194562886 -6.0 0.0 flow_0_8 0 5.0 2.0,-20.0 -2.0 0.0 flow_0_12 0 5.0 2.0,-110.0 -2.0 0.0 flow_0_14 0 5.0 2.0,114.60392194562887 -6.0 0.0 flow_0_9 0 5.0 2.0,-65.0 -2.0 0.0 flow_0_13 0 5.0 2.0,69.60392194562886 -6.0 0.0 flow_0_10 0 5.0 2.0,-188.75 -2.0 0.0 flow_0_16 0 5.0 2.0,24.603921945628863 -6.0 0.0 flow_0_11 0 5.0 2.0,;road_1 i,
-140.0 -2.0 0.0 flow_0_15 0 5.0 2.0,174.60392194562886 -6.0 0.0 flow_0_8 0 5.0 2.0,-198.75 -2.0 0.0 flow_0_17 0 5.0 2.0,-5.097096621545399 -0.9805806756909202 -0.19739555984988076 flow_0_12 0 5.0 2.0,-94.99999999999999 -2.0 0.0 flow_0_14 0 5.0 2.0,129.60392194562886 -6.0 0.0 flow_0_9 0 5.0 2.0,-50.0 -2.0 0.0 flow_0_13 0 5.0 2.0,84.60392194562886 -6.0 0.0 flow_0_10 0 5.0 2.0,-180.0 -2.0 0.0 flow_0_16 0 5.0 2.0,39.60392194562886 -6.0 0.0 flow_0_11 0 5.0 2.0,;road_1 i,
-125.0 -2.0 0.0 flow_0_15 0 5.0 2.0,189.60392194562886 -6.0 0.0 flow_0_8 0 5.0 2.0,-195.0 -2.0 0.0 flow_0_17 0 5.0 2.0,9.611613513818405 -3.922322702763681 -0.19739555984988076 flow_0_12 0 5.0 2.0,-80.0 -2.0 0.0 flow_0_14 0 5.0 2.0,144.60392194562886 -6.0 0.0 flow_0_9 0 5.0 2.0,-35.0 -2.0 0.0 flow_0_13 0 5.0 2.0,99.60392194562886 -6.0 0.0 flow_0_10 0 5.0 2.0,-168.75 -2.0 0.0 flow_0_16 0 5.0 2.0,54.60392194562886 -6.0 0.0 flow_0_11 0 5.0 2.0,;road_1 i,
-110.0 -2.0 0.0 flow_0_15 0 5.0 2.0,-188.75 -2.0 0.0 flow_0_17 0 5.0 2.0,24.603921945628863 -6.0 0.0 flow_0_12 0 5.0 2.0,-65.0 -2.0 0.0 flow_0_14 0 5.0 2.0,159.60392194562886 -6.0 0.0 flow_0_9 0 5.0 2.0,-20.0 -2.0 0.0 flow_0_13 0 5.0 2.0,114.60392194562887 -6.0 0.0 flow_0_10 0 5.0 2.0,-155.0 -2.0 0.0 flow_0_16 0 5.0 2.0,69.60392194562886 -6.0 0.0 flow_0_11 0 5.0 2.0,;road_1 i,
-94.99999999999999 -2.0 0.0 flow_0_15 0 5.0 2.0,-180.0 -2.0 0.0 flow_0_17 0 5.0 2.0,39.60392194562886 -6.0 0.0 flow_0_12 0 5.0 2.0,-50.0 -2.0 0.0 flow_0_14 0 5.0 2.0,174.60392194562886 -6.0 0.0 flow_0_9 0 5.0 2.0,-5.097096621545399 -0.9805806756909202 -0.19739555984988076 flow_0_13 0 5.0 2.0,-198.75 -2.0 0.0 flow_0_18 0 5.0 2.0,129.60392194562886 -6.0 0.0 flow_0_10 0 5.0 2.0,-140.0 -2.0 0.0 flow_0_16 0 5.0 2.0,84.60392194562886 -6.0 0.0 flow_0_11 0 5.0 2.0,;road_1 i,
-80.0 -2.0 0.0 flow_0_15 0 5.0 2.0,-168.75 -2.0 0.0 flow_0_17 0 5.0 2.0,54.60392194562886 -6.0 0.0 flow_0_12 0 5.0 2.0,-35.0 -2.0 0.0 flow_0_14 0 5.0 2.0,189.60392194562886 -6.0 0.0 flow_0_9 0 5.0 2.0,9.611613513818405 -3.922322702763681 -0.19739555984988076 flow_0_13 0 5.0 2.0,-195.0 -2.0 0.0 flow_0_18 0 5.0 2.0,144.60392194562886 -6.0 0.0 flow_0_10 0 5.0 2.0,-125.0 -2.0 0.0 flow_0_16 0 5.0 2.0,99.60392194562886 -6.0 0.0 flow_0_11 0 5.0 2.0,;road_1 i,
-65.0 -2.0 0.0 flow_0_15 0 5.0 2.0,-155.0 -2.0 0.0 flow_0_17 0 5.0 2.0,69.60392194562886 -6.0 0.0 flow_0_12 0 5.0 2.0,-20.0 -2.0 0.0 flow_0_14 0 5.0 2.0,24.603921945628863 -6.0 0.0 flow_0_13 0 5.0 2.0,-188.75 -2.0 0.0 flow_0_18 0 5.0 2.0,159.60392194562886 -6.0 0.0 flow_0_10 0 5.0 2.0,-110.0 -2.0 0.0 flow_0_16 0 5.0 2.0,114.60392194562887 -6.0 0.0 flow_0_11 0 5.0 2.0,;road_1 i,
-50.0 -2.0 0.0 flow_0_15 0 5.0 2.0,-140.0 -2.0 0.0 flow_0_17 0 5.0 2.0,84.60392194562886 -6.0 0.0 flow_0_12 0 5.0 2.0,-5.097096621545399 -0.9805806756909202 -0.19739555984988076 flow_0_14 0 5.0 2.0,39.60392194562886 -6.0 0.0 flow_0_13 0 5.0 2.0,-180.0 -2.0 0.0 flow_0_18 0 5.0 2.0,174.60392194562886 -6.0 0.0 flow_0_10 0 5.0 2.0,-198.75 -2.0 0.0 flow_0_19 0 5.0 2.0,-94.99999999999999 -2.0 0.0 flow_0_16 0 5.0 2.0,129.60392194562886 -6.0 0.0 flow_0_11 0 5.0 2.0,;road_1 i,
-35.0 -2.0 0.0 flow_0_15 0 5.0 2.0,-125.0 -2.0 0.0 flow_0_17 0 5.0 2.0,99.60392194562886 -6.0 0.0 flow_0_12 0 5.0 2.0,9.611613513818405 -3.922322702763681 -0.19739555984988076 flow_0_14 0 5.0 2.0,54.60392194562886 -6.0 0.0 flow_0_13 0 5.0 2.0,-168.75 -2.0 0.0 flow_0_18 0 5.0 2.0,189.60392194562886 -6.0 0.0 flow_0_10 0 5.0 2.0,-195.0 -2.0 0.0 flow_0_19 0 5.0 2.0,-80.0 -2.0 0.0 flow_0_16 0 5.0 2.0,144.60392194562886 -6.0 0.0 flow_0_11 0 5.0 2.0,;road_1 i,
-20.0 -2.0 0.0 flow_0_15 0 5.0 2.0,-110.0 -2.0 0.0 flow_0_17 0 5.0 2.0,114.60392194562887 -6.0 0.0 flow_0_12 0 5.0 2.0,24.603921945628863 -6.0 0.0 flow_0_14 0 5.0 2.0,69.60392194562886 -6.0 0.0 flow_0_13 0 5.0 2.0,-155.0 -2.0 0.0 flow_0_18 0 5.0 2.0,-188.75 -2.0 0.0 flow_0_19 0 5.0 2.0,-65.0 -2.0 0.0 flow_0_16 0 5.0 2.0,159.60392194562886 -6.0 0.0 flow_0_11 0 5.0 2.0,;road_1 i,
-5.097096621545399 -0.9805806756909202 -0.19739555984988076 flow_0_15 0 5.0 2.0,-94.99999999999999 -2.0 0.0 flow_0_17 0 5.0 2.0,129.60392194562886 -6.0 0.0 flow_0_12 0 5.0 2.0,39.60392194562886 -6.0 0.0 flow_0_14 0 5.0 2.0,84.60392194562886 -6.0 0.0 flow_0_13 0 5.0 2.0,-140.0 -2.0 0.0 flow_0_18 0 5.0 2.0,-180.0 -2.0 0.0 flow_0_19 0 5.0 2.0,-50.0 -2.0 0.0 flow_0_16 0 5.0 2.0,-198.75 -2.0 0.0 flow_0_20 0 5.0 2.0,174.60392194562886 -6.0 0.0 flow_0_11 0 5.0 2.0,;road_1 i,
9.611613513818405 -3.922322702763681 -0.19739555984988076 flow_0_15 0 5.0 2.0,-80.0 -2.0 0.0 flow_0_17 0 5.0 2.0,144.60392194562886 -6.0 0.0 flow_0_12 0 5.0 2.0,54.60392194562886 -6.0 0.0 flow_0_14 0 5.0 2.0,99.60392194562886 -6.0 0.0 flow_0_13 0 5.0 2.0,-125.0 -2.0 0.0 flow_0_18 0 5.0 2.0,-168.75 -2.0 0.0 flow_0_19 0 5.0 2.0,-35.0 -2.0 0.0 flow_0_16 0 5.0 2.0,-195.0 -2.0 0.0 flow_0_20 0 5.0 2.0,189.60392194562886 -6.0 0.0 flow_0_11 0 5.0 2.0,;road_1 i,
24.603921945628863 -6.0 0.0 flow_0_15 0 5.0 2.0,-65.0 -2.0 0.0 flow_0_17 0 5.0 2.0,159.60392194562886 -6.0 0.0 flow_0_12 0 5.0 2.0,69.60392194562886 -6.0 0.0 flow_0_14 0 5.0 2.0,114.60392194562887 -6.0 0.0 flow_0_13 0 5.0 2.0,-110.0 -2.0 0.0 flow_0_18 0 5.0 2.0,-155.0 -2.0 0.0 flow_0_19 0 5.0 2.0,-20.0 -2.0 0.0 flow_0_16 0 5.0 2.0,-188.75 -2.0 0.0 flow_0_20 0 5.0 2.0,;road_1 i,
39.60392194562886 -6.0 0.0 flow_0_15 0 5.0 2.0,-50.0 -2.0 0.0 flow_0_17 0 5.0 2.0,-198.75 -2.0 0.0 flow_0_21 0 5.0 2.0,174.60392194562886 -6.0 0.0 flow_0_12 0 5.0 2.0,84.60392194562886 -6.0 0.0 flow_0_14 0 5.0 2.0,129.60392194562886 -6.0 0.0 flow_0_13 0 5.0 2.0,-94.99999999999999 -2.0 0.0 flow_0_18 0 5.0 2.0,-140.0 -2.0 0.0 flow_0_19 0 5.0 2.0,-5.097096621545399 -0.9805806756909202 -0.19739555984988076 flow_0_16 0 5.0 2.0,-180.0 -2.0 0.0 flow_0_20 0 5.0 2.0,;road_1 i,
54.60392194562886 -6.0 0.0 flow_0_15 0 5.0 2.0,-35.0 -2.0 0.0 flow_0_17 0 5.0 2.0,-195.0 -2.0 0.0 flow_0_21 0 5.0 2.0,189.60392194562886 -6.0 0.0 flow_0_12 0 5.0 2.0,99.60392194562886 -6.0 0.0 flow_0_14 0 5.0 2.0,144.60392194562886 -6.0 0.0 flow_0_13 0 5.0 2.0,-80.0 -2.0 0.0 flow_0_18 0 5.0 2.0,-125.0 -2.0 0.0 flow_0_19 0 5.0 2.0,9.611613513818405 -3.922322702763681 -0.19739555984988076 flow_0_16 0 5.0 2.0,-168.75 -2.0 0.0 flow_0_20 0 5.0 2.0,;road_1 i,
69.60392194562886 -6.0 0.0 flow_0_15 0 5.0 2.0,-20.0 -2.0 0.0 flow_0_17 0 5.0 2.0,-188.75 -2.0 0.0 flow_0_21 0 5.0 2.0,114.60392194562887 -6.0 0.0 flow_0_14 0 5.0 2.0,159.60392194562886 -6.0 0.0 flow_0_13 0 5.0 2.0,-65.0 -2.0 0.0 flow_0_18 0 5.0 2.0,-110.0 -2.0 0.0 flow_0_19 0 5.0 2.0,24.603921945628863 -6.0 0.0 flow_0_16 0 5.0 2.0,-155.0 -2.0 0.0 flow_0_20 0 5.0 2.0,;road_1 i,
84.60392194562886 -6.0 0.0 flow_0_15 0 5.0 2.0,-198.75 -2.0 0.0 flow_0_22 0 5.0 2.0,-5.097096621545399 -0.9805806756909202 -0.19739555984988076 flow_0_17 0 5.0 2.0,-180.0 -2.0 0.0 flow_0_21 0 5.0 2.0,129.60392194562886 -6.0 0.0 flow_0_14 0 5.0 2.0,174.60392194562886 -6.0 0.0 flow_0_13 0 5.0 2.0,-50.0 -2.0 0.0 flow_0_18 0 5.0 2.0,-94.99999999999999 -2.0 0.0 flow_0_19 0 5.0 2.0,39.60392194562886 -6.0 0.0 flow_0_16 0 5.0 2.0,-140.0 -2.0 0.0 flow_0_20 0 5.0 2.0,;road_1 i,
99.60392194562886 -6.0 0.0 flow_0_15 0 5.0 2.0,-195.0 -2.0 0.0 flow_0_22 0 5.0 2.0,9.611613513818405 -3.922322702763681 -0.19739555984988076 flow_0_17 0 5.0 2.0,-168.75 -2.0 0.0 flow_0_21 0 5.0 2.0,144.60392194562886 -6.0 0.0 flow_0_14 0 5.0 2.0,189.60392194562886 -6.0 0.0 flow_0_13 0 5.0 2.0,-35.0 -2.0 0.0 flow_0_18 0 5.0 2.0,-80.0 -2.0 0.0 flow_0_19 0 5.0 2.0,54.60392194562886 -6.0 0.0 flow_0_16 0 5.0 2.0,-125.0 -2.0 0.0 flow_0_20 0 5.0 2.0,;road_1 i,
114.60392194562887 -6.0 0.0 flow_0_15 0 5.0 2.0,-188.75 -2.0 0.0 flow_0_22 0 5.0 2.0,24.603921945628863 -6.0 0.0 flow_0_17 0 5.0 2.0,-155.0 -2.0 0.0 flow_0_21 0 5.0 2.0,159.60392194562886 -6.0 0.0 flow_0_14 0 5.0 2.0,-20.0 -2.0 0.0 flow_0_18 0 5.0 2.0,-65.0 -2.0 0.0 flow_0_19 0 5.0 2.0,69.60392194562886 -6.0 0.0 flow_0_16 0 5.0 2.0,-110.0 -2.0 0.0 flow_0_20 0 5.0 2.0,;road_1 i,
129.60392194562886 -6.0 0.0 flow_0_15 0 5.0 2.0,-180.0 -2.0 0.0 flow_0_22 0 5.0 2.0,39.60392194562886 -6.0 0.0 flow_0_17 0 5.0 2.0,-140.0 -2.0 0.0 flow_0_21 0 5.0 2.0,174.60392194562886 -6.0 0.0 flow_0_14 0 5.0 2.0,-5.097096621545399 -0.9805806756909202 -0.19739555984988076 flow_0_18 0 5.0 2.0,-50.0 -2.0 0.0 flow_0_19 0 5.0 2.0,84.60392194562886 -6.0 0.0 flow_0_16 0 5.0 2.0,-94.99999999999999 -2.0 0.0 flow_0_20 0 5.0 2.0,-198.75 -2.0 0.0 flow_0_23 0 5.0 2.0,;road_1 i,
144.60392194562886 -6.0 0.0 flow_0_15 0 5.0 2.0,-168.75 -2.0 0.0 flow_0_22 0 5.0 2.0,54.60392194562886 -6.0 0.0 flow_0_17 0 5.0 2.0,-125.0 -2.0 0.0 flow_0_21 0 5.0 2.0,189.60392194562886 -6.0 0.0 flow_0_14 0 5.0 2.0,9.611613513818405 -3.922322702763681 -0.19739555984988076 flow_0_18 0 5.0 2.0,-35.0 -2.0 0.0 flow_0_19 0 5.0 2.0,99.60392194562886 -6.0 0.0 flow_0_16 0 5.0 2.0,-80.0 -2.0 0.0 flow_0_20 0 5.0 2.0,-195.0 -2.0 0.0 flow_0_23 0 5.0 2.0,;road_1 i,
159.60392194562886 -6.0 0.0 flow_0_15 0 5.0 2.0,-155.0 -2.0 0.0 flow_0_22 0 5.0 2.0,69.60392194562886 -6.0 0.0 flow_0_17 0 5.0 2.0,-110.0 -2.0 0.0 flow_0_21 0 5.0 2.0,24.603921945628863 -6.0 0.0 flow_0_18 0 5.0 2.0,-20.0 -2.0 0.0 flow_0_19 0 5.0 2.0,114.60392194562887 -6.0 0.0 flow_0_16 0 5.0 2.0,-65.0 -2.0 0.0 flow_0_20 0 5.0 2.0,-188.75 -2.0 0.0 flow_0_23 0 5.0 2.0,;road_1 i,
174.60392194562886 -6.0 0.0 flow_0_15 0 5.0 2.0,-140.0 -2.0 0.0 flow_0_22 0 5.0 2.0,84.60392194562886 -6.0 0.0 flow_0_17 0 5.0 2.0,-198.75 -2.0 0.0 flow_0_24 0 5.0 2.0,-94.99999999999999 -2.0 0.0 flow_0_21 0 5.0 2.0,39.60392194562886 -6.0 0.0 flow_0_18 0 5.0 2.0,-5.097096621545399 -0.9805806756909202 -0.19739555984988076 flow_0_19 0 5.0 2.0,129.60392194562886 -6.0 0.0 flow_0_16 0 5.0 2.0,-50.0 -2.0 0.0 flow_0_20 0 5.0 2.0,-180.0 -2.0 0.0 flow_0_23 0 5.0 2.0,;road_1 i,
189.60392194562886 -6.0 0.0 flow_0_15 0 5.0 2.0,-125.0 -2.0 0.0 flow_0_22 0 5.0 2.0,99.60392194562886 -6.0 0.0 flow_0_17 0 5.0 2.0,-195.0 -2.0 0.0 flow_0_24 0 5.0 2.0,-80.0 -2.0 0.0 flow_0_21 0 5.0 2.0,54.60392194562886 -6.0 0.0 flow_0_18 0 5.0 2.0,9.611613513818405 -3.922322702763681 -0.19739555984988076 flow_0_19 0 5.0 2.0,144.60392194562886 -6.0 0.0 flow_0_16 0 5.0 2.0,-35.0 -2.0 0.0 flow_0_20 0 5.0 2.0,-168.75 -2.0 0.0 flow_0_23 0 5.0 2.0,;road_1 i,
-110.0 -2.0 0.0 flow_0_22 0 5.0 2.0,114.60392194562887 -6.0 0.0 flow_0_17 0 5.0 2.0,-188.75 -2.0 0.0 flow_0_24 0 5.0 2.0,-65.0 -2.0 0.0 flow_0_21 0 5.0 2.0,69.60392194562886 -6.0 0.0 flow_0_18 0 5.0 2.0,24.603921945628863 -6.0 0.0 flow_0_19 0 5.0 2.0,159.60392194562886 -6.0 0.0 flow_0_16 0 5.0 2.0,-20.0 -2.0 0.0 flow_0_20 0 5.0 2.0,-155.0 -2.0 0.0 flow_0_23 0 5.0 2.0,;road_1 i,
-94.99999999999999 -2.0 0.0 flow_0_22 0 5.0 2.0,129.60392194562886 -6.0 0.0 flow_0_17 0 5.0 2.0,-180.0 -2.0 0.0 flow_0_24 0 5.0 2.0,-50.0 -2.0 0.0 flow_0_21 0 5.0 2.0,84.60392194562886 -6.0 0.0 flow_0_18 0 5.0 2.0,39.60392194562886 -6.0 0.0 flow_0_19 0 5.0 2.0,174.60392194562886 -6.0 0.0 flow_0_16 0 5.0 2.0,-5.097096621545399 -0.9805806756909202 -0.19739555984988076 flow_0_20 0 5.0 2.0,-140.0 -2.0 0.0 flow_0_23 0 5.0 2.0,-198.75 -2.0 0.0 flow_0_25 0 5.0 2.0,;road_1 i,
-80.0 -2.0 0.0 flow_0_22 0 5.0 2.0,144.60392194562886 -6.0 0.0 flow_0_17 0 5.0 2.0,-168.75 -2.0 0.0 flow_0_24 0 5.0 2.0,-35.0 -2.0 0.0 flow_0_21 0 5.0 2.0,99.60392194562886 -6.0 0.0 flow_0_18 0 5.0 2.0,54.60392194562886 -6.0 0.0 flow_0_19 0 5.0 2.0,189.60392194562886 -6.0 0.0 flow_0_16 0 5.0 2.0,9.611613513818405 -3.922322702763681 -0.19739555984988076 flow_0_20 0 5.0 2.0,-125.0 -2.0 0.0 flow_0_23 0 5.0 2.0,-195.0 -2.0 0.0 flow_0_25 0 5.0 2.0,;road_1 i,
-65.0 -2.0 0.0 flow_0_22 0 5.0 2.0,159.60392194562886 -6.0 0.0 flow_0_17 0 5.0 2.0,-155.0 -2.0 0.0 flow_0_24 0 5.0 2.0,-20.0 -2.0 0.0 flow_0_21 0 5.0 2.0,114.60392194562887 -6.0 0.0 flow_0_18 0 5.0 2.0,69.60392194562886 -6.0 0.0 flow_0_19 0 5.0 2.0,24.603921945628863 -6.0 0.0 flow_0_20 0 5.0 2.0,-110.0 -2.0 0.0 flow_0_23 0 5.0 2.0,-188.75 -2.0 0.0 flow_0_25 0 5.0 2.0,;road_1 i,
-50.0 -2.0 0.0 flow_0_22 0 5.0 2.0,174.60392194562886 -6.0 0.0 flow_0_17 0 5.0 2.0,-140.0 -2.0 0.0 flow_0_24 0 5.0 2.0,-198.75 -2.0 0.0 flow_0_26 0 5.0 2.0,-5.097096621545399 -0.9805806756909202 -0.19739555984988076 flow_0_21 0 5.0 2.0,129.60392194562886 -6.0 0.0 flow_0_18 0 5.0 2.0,84.60392194562886 -6.0 0.0 flow_0_19 0 5.0 2.0,39.60392194562886 -6.0 0.0 flow_0_20 0 5.0 2.0,-94.99999999999999 -2.0 0.0 flow_0_23 0 5.0 2.0,-180.0 -2.0 0.0 flow_0_25 0 5.0 2.0,;road_1 i,
-35.0 -2.0 0.0 flow_0_22 0 5.0 2.0,189.60392194562886 -6.0 0.0 flow_0_17 0 5.0 2.0,-125.0 -2.0 0.0 flow_0_24 0 5.0 2.0,-195.0 -2.0 0.0 flow_0_26 0 5.0 2.0,9.611613513818405 -3.922322702763681 -0.19739555984988076 flow_0_21 0 5.0 2.0,144.60392194562886 -6.0 0.0 flow_0_18 0 5.0 2.0,99.60392194562886 -6.0 0.0 flow_0_19 0 5.0 2.0,54.60392194562886 -6.0 0.0 flow_0_20 0 5.0 2.0,-80.0 -2.0 0.0 flow_0_23 0 5.0 2.0,-168.75 -2.0 0.0 flow_0_25 0 5.0 2.0,;road_1 i,
-20.0 -2.0 0.0 flow_0_22 0 5.0 2.0,-110.0 -2.0 0.0 flow_0_24 0 5.0 2.0,-188.75 -2.0 0.0 flow_0_26 0 5.0 2.0,24.603921945628863 -6.0 0.0 flow_0_21 0 5.0 2.0,159.60392194562886 -6.0 0.0 flow_0_18 0 5.0 2.0,114.60392194562887 -6.0 0.0 flow_0_19 0 5.0 2.0,69.60392194562886 -6.0 0.0 flow_0_20 0 5.0 2.0,-65.0 -2.0 0.0 flow_0_23 0 5.0 2.0,-155.0 -2.0 0.0 flow_0_25 0 5.0 2.0,;road_1 i,
-5.097096621545399 -0.9805806756909202 -0.19739555984988076 flow_0_22 0 5.0 2.0,-94.99999999999999 -2.0 0.0 flow_0_24 0 5.0 2.0,-198.75 -2.0 0.0 flow_0_27 0 5.0 2.0,-180.0 -2.0 0.0 flow_0_26 0 5.0 2.0,39.60392194562886 -6.0 0.0 flow_0_21 0 5.0 2.0,174.60392194562886 -6.0 0.0 flow_0_18 0 5.0 2.0,129.60392194562886 -6.0 0.0 flow_0_19 0 5.0 2.0,84.60392194562886 -6.0 0.0 flow_0_20 0 5.0 2.0,-50.0 -2.0 0.0 flow_0_23 0 5.0 2.0,-140.0 -2.0 0.0 flow_0_25 0 5.0 2.0,;road_1 i,
9.611613513818405 -3.922322702763681 -0.19739555984988076 flow_0_22 0 5.0 2.0,-80.0 -2.0 0.0 flow_0_24 0 5.0 2.0,-195.0 -2.0 0.0 flow_0_27 0 5.0 2.0,-168.75 -2.0 0.0 flow_0_26 0 5.0 2.0,54.60392194562886 -6.0 0.0 flow_0_21 0 5.0 2.0,189.60392194562886 -6.0 0.0 flow_0_18 0 5.0 2.0,144.60392194562886 -6.0 0.0 flow_0_19 0 5.0 2.0,99.60392194562886 -6.0 0.0 flow_0_20 0 5.0 2.0,-35.0 -2.0 0.0 flow_0_23 0 5.0 2.0,-125.0 -2.0 0.0 flow_0_25 0 5.0 2.0,;road_1 i,
24.603921945628863 -6.0 0.0 flow_0_22 0 5.0 2.0,-65.0 -2.0 0.0 flow_0_24 0 5.0 2.0,-188.75 -2.0 0.0 flow_0_27 0 5.0 2.0,-155.0 -2.0 0.0 flow_0_26 0 5.0 2.0,69.60392194562886 -6.0 0.0 flow_0_21 0 5.0 2.0,159.60392194562886 -6.0 0.0 flow_0_19 0 5.0 2.0,114.60392194562887 -6.0 0.0 flow_0_20 0 5.0 2.0,-20.0 -2.0 0.0 flow_0_23 0 5.0 2.0,-110.0 -2.0 0.0 flow_0_25 0 5.0 2.0,;road_1 i,
39.60392194562886 -6.0 0.0 flow_0_22 0 5.0 2.0,-50.0 -2.0 0.0 flow_0_24 0 5.0 2.0,-180.0 -2.0 0.0 flow_0_27 0 5.0 2.0,-140.0 -2.0 0.0 flow_0_26 0 5.0 2.0,-198.75 -2.0 0.0 flow_0_28 0 5.0 2.0,84.60392194562886 -6.0 0.0 flow_0_21 0 5.0 2.0,174.60392194562886 -6.0 0.0 flow_0_19 0 5.0 2.0,129.60392194562886 -6.0 0.0 flow_0_20 0 5.0 2.0,-5.097096621545399 -0.9805806756909202 -0.19739555984988076 flow_0_23 0 5.0 2.0,-94.99999999999999 -2.0 0.0 flow_0_25 0 5.0 2.0,;road_1 i,
54.60392194562886 -6.0 0.0 flow_0_22 0 5.0 2.0,-35.0 -2.0 0.0 flow_0_24 0 5.0 2.0,-168.75 -2.0 0.0 flow_0_27 0 5.0 2.0,-125.0 -2.0 0.0 flow_0_26 0 5.0 2.0,-195.0 -2.0 0.0 flow_0_28 0 5.0 2.0,99.60392194562886 -6.0 0.0 flow_0_21 0 5.0 2.0,189.60392194562886 -6.0 0.0 flow_0_19 0 5.0 2.0,144.60392194562886 -6.0 0.0 flow_0_20 0 5.0 2.0,9.611613513818405 -3.922322702763681 -0.19739555984988076 flow_0_23 0 5.0 2.0,-80.0 -2.0 0.0 flow_0_25 0 5.0 2.0,;road_1 i,
69.60392194562886 -6.0 0.0 flow_0_22 0 5.0 2.0,-20.0 -2.0 0.0 flow_0_24 0 5.0 2.0,-155.0 -2.0 0.0 flow_0_27 0 5.0 2.0,-110.0 -2.0 0.0 flow_0_26 0 5.0 2.0,-188.75 -2.0 0.0 flow_0_28 0 5.0 2.0,114.60392194562887 -6.0 0.0 flow_0_21 0 5.0 2.0,159.60392194562886 -6.0 0.0 flow_0_20 0 5.0 2.0,24.603921945628863 -6.0 0.0 flow_0_23 0 5.0 2.0,-65.0 -2.0 0.0 flow_0_25 0 5.0 2.0,;road_1 i,
84.60392194562886 -6.0 0.0 flow_0_22 0 5.0 2.0,-5.097096621545399 -0.9805806756909202 -0.19739555984988076 flow_0_24 0 5.0 2.0,-140.0 -2.0 0.0 flow_0_27 0 5.0 2.0,-94.99999999999999 -2.0 0.0 flow_0_26 0 5.0 2.0,-180.0 -2.0 0.0 flow_0_28 0 5.0 2.0,129.60392194562886 -6.0 0.0 flow_0_21 0 5.0 2.0,-198.75 -2.0 0.0 flow_0_29 0 5.0 2.0,174.60392194562886 -6.0 0.0 flow_0_20 0 5.0 2.0,39.60392194562886 -6.0 0.0 flow_0_23 0 5.0 2.0,-50.0 -2.0 0.0 flow_0_25 0 5.0 2.0,;road_1 i,
99.60392194562886 -6.0 0.0 flow_0_22 0 5.0 2.0,9.611613513818405 -3.922322702763681 -0.19739555984988076 flow_0_24 0 5.0 2.0,-125.0 -2.0 0.0 flow_0_27 0 5.0 2.0,-80.0 -2.0 0.0 flow_0_26 0 5.0 2.0,-168.75 -2.0 0.0 flow_0_28 0 5.0 2.0,144.60392194562886 -6.0 0.0 flow_0_21 0 5.0 2.0,-195.0 -2.0 0.0 flow_0_29 0 5.0 2.0,189.60392194562886 -6.0 0.0 flow_0_20 0 5.0 2.0,54.60392194562886 -6.0 0.0 flow_0_23 0 5.0 2.0,-35.0 -2.0 0.0 flow_0_25 0 5.0 2.0,;road_1 i,
114.60392194562887 -6.0 0.0 flow_0_22 0 5.0 2.0,24.603921945628863 -6.0 0.0 flow_0_24 0 5.0 2.0,-110.0 -2.0 0.0 flow_0_27 0 5.0 2.0,-65.0 -2.0 0.0 flow_0_26 0 5.0 2.0,-155.0 -2.0 0.0 flow_0_28 0 5.0 2.0,159.60392194562886 -6.0 0.0 flow_0_21 0 5.0 2.0,-188.75 -2.0 0.0 flow_0_29 0 5.0 2.0,69.60392194562886 -6.0 0.0 flow_0_23 0 5.0 2.0,-20.0 -2.0 0.0 flow_0_25 0 5.0 2.0,;road_1 i,
129.60392194562886 -6.0 0.0 flow_0_22 0 5.0 2.0,39.60392194562886 -6.0 0.0 flow_0_24 0 5.0 2.0,-94.99999999999999 -2.0 0.0 flow_0_27 0 5.0 2.0,-198.75 -2.0 0.0 flow_0_30 0 5.0 2.0,-50.0 -2.0 0.0 flow_0_26 0 5.0 2.0,-140.0 -2.0 0.0 flow_0_28 0 5.0 2.0,174.60392194562886 -6.0 0.0 flow_0_21 0 5.0 2.0,-180.0 -2.0 0.0 flow_0_29 0 5.0 2.0,84.60392194562886 -6.0 0.0 flow_0_23 0 5.0 2.0,-5.097096621545399 -0.9805806756909202 -0.19739555984988076 flow_0_25 0 5.0 2.0,;road_1 i,
144.60392194562886 -6.0 0.0 flow_0_22 0 5.0 2.0,54.60392194562886 -6.0 0.0 flow_0_24 0 5.0 2.0,-80.0 -2.0 0.0 flow_0_27 0 5.0 2.0,-195.0 -2.0 0.0 flow_0_30 0 5.0 2.0,-35.0 -2.0 0.0 flow_0_26 0 5.0 2.0,-125.0 -2.0 0.0 flow_0_28 0 5.0 2.0,189.60392194562886 -6.0 0.0 flow_0_21 0 5.0 2.0,-168.75 -2.0 0.0 flow_0_29 0 5.0 2.0,99.60392194562886 -6.0 0.0 flow_0_23 0 5.0 2.0,9.611613513818405 -3.922322702763681 -0.19739555984988076 flow_0_25 0 5.0 2.0,;road_1 i,
159.60392194562886 -6.0 0.0 flow_0_22 0 5.0 2.0,69.60392194562886 -6.0 0.0 flow_0_24 0 5.0 2.0,-65.0 -2.0 0.0 flow_0_27 0 5.0 2.0,-188.75 -2.0 0.0 flow_0_30 0 5.0 2.0,-20.0 -2.0 0.0 flow_0_26 0 5.0 2.0,-110.0 -2.0 0.0 flow_0_28 0 5.0 2.0,-155.0 -2.0 0.0 flow_0_29 0 5.0 2.0,114.60392194562887 -6.0 0.0 flow_0_23 0 5.0 2.0,24.603921945628863 -6.0 0.0 flow_0_25 0 5.0 2.0,;road_1 i,
174.60392194562886 -6.0 0.0 flow_0_22 0 5.0 2.0,84.60392194562886 -6.0 0.0 flow_0_24 0 5.0 2.0,-50.0 -2.0 0.0 flow_0_27 0 5.0 2.0,-180.0 -2.0 0.0 flow_0_30 0 5.0 2.0,-5.097096621545399 -0.9805806756909202 -0.19739555984988076 flow_0_26 0 5.0 2.0,-94.99999999999999 -2.0 0.0 flow_0_28 0 5.0 2.0,-140.0 -2.0 0.0 flow_0_29 0 5.0 2.0,129.60392194562886 -6.0 0.0 flow_0_23 0 5.0 2.0,-198.75 -2.0 0.0 flow_0_31 0 5.0 2.0,39.60392194562886 -6.0 0.0 flow_0_25 0 5.0 2.0,;road_1 i,
189.60392194562886 -6.0 0.0 flow_0_22 0 5.0 2.0,99.60392194562886 -6.0 0.0 flow_0_24 0 5.0 2.0,-35.0 -2.0 0.0 flow_0_27 0 5.0 2.0,-168.75 -2.0 0.0 flow_0_30 0 5.0 2.0,9.611613513818405 -3.922322702763681 -0.19739555984988076 flow_0_26 0 5.0 2.0,-80.0 -2.0 0.0 flow_0_28 0 5.0 2.0,-125.0 -2.0 0.0 flow_0_29 0 5.0 2.0,144.60392194562886 -6.0 0.0 flow_0_23 0 5.0 2.0,-195.0 -2.0 0.0 flow_0_31 0 5.0 2.0,54.60392194562886 -6.0 0.0 flow_0_25 0 5.0 2.0,;road_1 i,
114.60392194562887 -6.0 0.0 flow_0_24 0 5.0 2.0,-20.0 -2.0 0.0 flow_0_27 0 5.0 2.0,-155.0 -2.0 0.0 flow_0_30 0 5.0 2.0,24.603921945628863 -6.0 0.0 flow_0_26 0 5.0 2.0,-65.0 -2.0 0.0 flow_0_28 0 5.0 2.0,-110.0 -2.0 0.0 flow_0_29 0 5.0 2.0,159.60392194562886 -6.0 0.0 flow_0_23 0 5.0 2.0,-188.75 -2.0 0.0 flow_0_31 0 5.0 2.0,69.60392194562886 -6.0 0.0 flow_0_25 0 5.0 2.0,;road_1 i,
129.60392194562886 -6.0 0.0 flow_0_24 0 5.0 2.0,-5.097096621545399 -0.9805806756909202 -0.19739555984988076 flow_0_27 0 5.0 2.0,-140.0 -2.0 0.0 flow_0_30 0 5.0 2.0,39.60392194562886 -6.0 0.0 flow_0_26 0 5.0 2.0,-50.0 -2.0 0.0 flow_0_28 0 5.0 2.0,-94.99999999999999 -2.0 0.0 flow_0_29 0 5.0 2.0,-198.75 -2.0 0.0 flow_0_32 0 5.0 2.0,174.60392194562886 -6.0 0.0 flow_0_23 0 5.0 2.0,-180.0 -2.0 0.0 flow_0_31 0 5.0 2.0,84.60392194562886 -6.0 0.0 flow_0_25 0 5.0 2.0,;road_1 i,
144.60392194562886 -6.0 0.0 flow_0_24 0 5.0 2.0,9.611613513818405 -3.922322702763681 -0.19739555984988076 flow_0_27 0 5.0 2.0,-125.0 -2.0 0.0 flow_0_30 0 5.0 2.0,54.60392194562886 -6.0 0.0 flow_0_26 0 5.0 2.0,-35.0 -2.0 0.0 flow_0_28 0 5.0 2.0,-80.0 -2.0 0.0 flow_0_29 0 5.0 2.0,-195.0 -2.0 0.0 flow_0_32 0 5.0 2.0,189.60392194562886 -6.0 0.0 flow_0_23 0 5.0 2.0,-168.75 -2.0 0.0 flow_0_31 0 5.0 2.0,99.60392194562886 -6.0 0.0 flow_0_25 0 5.0 2.0,;road_1 i,
159.60392194562886 -6.0 0.0 flow_0_24 0 5.0 2.0,24.603921945628863 -6.0 0.0 flow_0_27 0 5.0 2.0,-110.0 -2.0 0.0 flow_0_30 0 5.0 2.0,69.60392194562886 -6.0 0.0 flow_0_26 0 5.0 2.0,-20.0 -2.0 0.0 flow_0_28 0 5.0 2.0,-65.0 -2.0 0.0 flow_0_29 0 5.0 2.0,-188.75 -2.0 0.0 flow_0_32 0 5.0 2.0,-155.0 -2.0 0.0 flow_0_31 0 5.0 2.0,114.60392194562887 -6.0 0.0 flow_0_25 0 5.0 2.0,;road_1 i,
174.60392194562886 -6.0 0.0 flow_0_24 0 5.0 2.0,39.60392194562886 -6.0 0.0 flow_0_27 0 5.0 2.0,-94.99999999999999 -2.0 0.0 flow_0_30 0 5.0 2.0,84.60392194562886 -6.0 0.0 flow_0_26 0 5.0 2.0,-5.097096621545399 -0.9805806756909202 -0.19739555984988076 flow_0_28 0 5.0 2.0,-50.0 -2.0 0.0 flow_0_29 0 5.0 2.0,-180.0 -2.0 0.0 flow_0_32 0 5.0 2.0,-198.75 -2.0 0.0 flow_0_33 0 5.0 2.0,-140.0 -2.0 0.0 flow_0_31 0 5.0 2.0,129.60392194562886 -6.0 0.0 flow_0_25 0 5.0 2.0,;road_1 i,
189.60392194562886 -6.0 0.0 flow_0_24 0 5.0 2.0,54.60392194562886 -6.0 0.0 flow_0_27 0 5.0 2.0,-80.0 -2.0 0.0 flow_0_30 0 5.0 2.0,99.60392194562886 -6.0 0.0 flow_0_26 0 5.0 2.0,9.611613513818405 -3.922322702763681 -0.19739555984988076 flow_0_28 0 5.0 2.0,-35.0 -2.0 0.0 flow_0_29 0 5.0 2.0,-168.75 -2.0 0.0 flow_0_32 0 5.0 2.0,-195.0 -2.0 0.0 flow_0_33 0 5.0 2.0,-125.0 -2.0 0.0 flow_0_31 0 5.0 2.0,144.60392194562886 -6.0 0.0 flow_0_25 0 5.0 2.0,;road_1 i,
